trans: [0.158440293708, 0.0201937781102, 0.519211377701, ]
rot: [-0.633734613482, 0.6898534644, -0.243484647217, 0.251391853289, ]
rot_euler: [-2.42734657433, 0.0382471084675, -1.64127130004, ]
rot_matrix: [[-0.07036515 -0.75194792  0.65545638  0.        ], [-0.99678815  0.07819133 -0.01730602  0.        ], [-0.03823778 -0.65456889 -0.75503473  0.        ], [ 0.  0.  0.  1.], ]
rot_second_matrix: [[-0.07036515 -0.75194792  0.65545638  0.        ], [-0.99678815  0.07819133 -0.01730602  0.        ], [-0.03823778 -0.65456889 -0.75503473  0.        ], [ 0.  0.  0.  1.], ]
parent: /base
child: /kinect2_link
